Edge	8	56	9	0	0	0	147	-1
	Sequence	+edge_5_0_+disjointig_1_806909_1367909 561000 1 3331856 806909 1367909
Edge	9	6	27	0	0	0	147	-1
	Sequence	-edge_5_0_+disjointig_1_806909_1367909 561000 -1 3331856 1963946 2524946
Edge	10	54	40	0	0	0	109	-1
	Sequence	+edge_6_0_+disjointig_1_67480_338292 270812 1 3331856 67480 338292
Edge	11	33	47	0	0	0	109	-1
	Sequence	-edge_6_0_+disjointig_1_67480_338292 270812 -1 3331856 2993563 3264375
Edge	12	20	13	0	0	0	147	-1
	Sequence	+edge_7_0_-disjointig_1_2529896_2606683 76787 -1 3331856 2529896 2606683
Edge	13	10	55	0	0	0	147	-1
	Sequence	-edge_7_0_-disjointig_1_2529896_2606683 76787 1 3331856 725172 801959
Edge	20	28	34	0	0	0	167	-1
	Sequence	+edge_11_0_+disjointig_1_344561_425707 81146 1 3331856 344561 425707
Edge	21	43	21	0	0	0	167	-1
	Sequence	-edge_11_0_+disjointig_1_344561_425707 81146 -1 3331856 2906148 2987294
Edge	22	28	23	0	0	0	112	-1
	Sequence	+edge_12_0_+disjointig_3_3385_423126 419741 3 1233048 3385 423126
Edge	23	14	21	0	0	0	112	-1
	Sequence	-edge_12_0_+disjointig_3_3385_423126 419741 -3 1233048 809921 1229662
Edge	26	12	38	0	0	0	151	-1
	Sequence	+edge_14_0_-disjointig_1_2611957_2650106 38149 -1 3331856 2611957 2650106
Edge	27	37	11	0	0	0	151	-1
	Sequence	-edge_14_0_-disjointig_1_2611957_2650106 38149 1 3331856 681749 719898
Edge	30	29	49	0	0	1	189	-1
	Sequence	+edge_16_0_+disjointig_1_427600_430948 3348 1 3331856 427600 430948
	Sequence	+edge_16_1_+disjointig_1_523689_526786 3097 1 3331856 523689 526786
	Sequence	+edge_16_2_+disjointig_1_678571_681749 3178 1 3331856 678571 681749
	Sequence	+edge_16_3_+disjointig_1_721988_725172 3184 1 3331856 721988 725172
	Sequence	+edge_16_4_+disjointig_1_1595407_1598686 3279 1 3331856 1595407 1598686
	Sequence	+edge_16_5_-disjointig_2_448793_451973 3180 -2 453439 448793 451973
	Sequence	+edge_16_6_-disjointig_3_2604_5784 3180 -3 1233048 2604 5784
Edge	31	52	26	0	0	1	189	-1
	Sequence	-edge_16_0_+disjointig_1_427600_430948 3348 -1 3331856 2900907 2904255
	Sequence	-edge_16_1_+disjointig_1_523689_526786 3097 -1 3331856 2805069 2808166
	Sequence	-edge_16_2_+disjointig_1_678571_681749 3178 -1 3331856 2650106 2653284
	Sequence	-edge_16_3_+disjointig_1_721988_725172 3184 -1 3331856 2606683 2609867
	Sequence	-edge_16_4_+disjointig_1_1595407_1598686 3279 -1 3331856 1733169 1736448
	Sequence	-edge_16_5_-disjointig_2_448793_451973 3180 2 453439 1465 4645
	Sequence	-edge_16_6_-disjointig_3_2604_5784 3180 3 1233048 1227263 1230443
Edge	32	26	31	0	0	1	139	-1
	Sequence	+edge_17_0_-disjointig_1_2808166_2810423 2257 -1 3331856 2808166 2810423
	Sequence	+edge_17_1_-disjointig_1_2653284_2655339 2055 -1 3331856 2653284 2655339
	Sequence	+edge_17_2_-disjointig_1_1736448_1738501 2053 -1 3331856 1736448 1738501
Edge	33	36	29	0	0	1	139	-1
	Sequence	-edge_17_0_-disjointig_1_2808166_2810423 2257 1 3331856 521432 523689
	Sequence	-edge_17_1_-disjointig_1_2653284_2655339 2055 1 3331856 676516 678571
	Sequence	-edge_17_2_-disjointig_1_1736448_1738501 2053 1 3331856 1593354 1595407
Edge	34	30	5	0	0	0	156	-1
	Sequence	+edge_18_0_+disjointig_1_430948_521432 90484 1 3331856 430948 521432
Edge	35	46	42	0	0	0	156	-1
	Sequence	-edge_18_0_+disjointig_1_430948_521432 90484 -1 3331856 2810423 2900907
Edge	36	4	22	0	0	0	151	-1
	Sequence	+edge_19_0_+disjointig_1_526786_676516 149730 1 3331856 526786 676516
Edge	37	32	3	0	0	0	151	-1
	Sequence	-edge_19_0_+disjointig_1_526786_676516 149730 -1 3331856 2655339 2805069
Edge	38	49	0	0	0	0	111	-1
	Sequence	+edge_20_0_+disjointig_1_1598686_2380932 782246 1 3331856 1598686 2380932
Edge	39	1	52	0	0	0	111	-1
	Sequence	-edge_20_0_+disjointig_1_1598686_2380932 782246 -1 3331856 950923 1733169
Edge	42	31	7	0	0	0	130	-1
	Sequence	+edge_22_0_-disjointig_1_1738501_1960810 222309 -1 3331856 1738501 1960810
Edge	43	8	36	0	0	0	130	-1
	Sequence	-edge_22_0_-disjointig_1_1738501_1960810 222309 1 3331856 1371045 1593354
Edge	46	17	15	0	0	0	135	-1
	Sequence	+edge_24_0_-disjointig_3_54044_806774 752730 -3 1233048 54044 806774
Edge	47	39	16	0	0	0	135	-1
	Sequence	-edge_24_0_-disjointig_3_54044_806774 752730 3 1233048 426273 1179003
Edge	56	48	41	0	0	0	103	-1
	Sequence	+edge_29_0_+disjointig_1_2384101_3331851 947750 1 3331856 2384101 3331851
Edge	57	24	2	0	0	0	103	-1
	Sequence	-edge_29_0_+disjointig_1_2384101_3331851 947750 -1 3331856 4 947754
Edge	58	41	51	0	0	0	106	-1
	Sequence	+edge_30_0_+disjointig_1_17428_62526 45098 1 3331856 17428 62526
Edge	59	35	24	0	0	0	106	-1
	Sequence	-edge_30_0_+disjointig_1_17428_62526 45098 -1 3331856 3269329 3314427
Edge	60	40	28	1	0	0	73	-1
	Sequence	+edge_31_0_+disjointig_1_338292_344561 6269 1 3331856 338292 344561
	Sequence	+edge_31_1_+disjointig_2_446726_453433 6707 2 453439 446726 453433
Edge	61	21	33	1	0	0	73	-1
	Sequence	-edge_31_0_+disjointig_1_338292_344561 6269 -1 3331856 2987294 2993563
	Sequence	-edge_31_1_+disjointig_2_446726_453433 6707 -2 453439 5 6712
Edge	62	33	44	0	0	0	151	-1
	Sequence	+edge_32_0_-disjointig_2_6712_446736 440024 -2 453439 6712 446736
Edge	63	53	40	0	0	0	151	-1
	Sequence	-edge_32_0_-disjointig_2_6712_446736 440024 2 453439 6702 446726
Edge	64	45	57	0	0	0	136	-1
	Sequence	+edge_33_0_-disjointig_3_5784_50906 45122 -3 1233048 5784 50906
Edge	65	25	50	0	0	0	136	-1
	Sequence	-edge_33_0_-disjointig_3_5784_50906 45122 3 1233048 1182141 1227263
Edge	66	19	19	0	0	0	188	-1
	Sequence	+edge_34_0_+disjointig_4_24892_133950 109058 4 133956 24892 133950
Edge	67	18	18	0	0	0	188	-1
	Sequence	-edge_34_0_+disjointig_4_24892_133950 109058 -4 133956 5 109063
Edge	68	34	30	0	0	0	161	-1
	Sequence	+edge_35_0_+SRR32410565.164137_1308_6541 5233 * 0 0 0
Edge	69	42	43	0	0	0	161	-1
	Sequence	-edge_35_0_+SRR32410565.164137_1308_6541 5233 * 0 0 0
Edge	70	44	45	0	0	0	143	-1
	Sequence	+edge_36_0_-SRR32410565.81100_809_6044 5235 * 0 0 0
Edge	71	50	53	0	0	0	143	-1
	Sequence	-edge_36_0_-SRR32410565.81100_809_6044 5235 * 0 0 0
Edge	72	22	37	0	0	0	151	-1
	Sequence	+edge_37_0_+SRR32410565.52740_3165_8395 5230 * 0 0 0
Edge	73	38	32	0	0	0	151	-1
	Sequence	-edge_37_0_+SRR32410565.52740_3165_8395 5230 * 0 0 0
Edge	74	47	35	0	0	0	107	-1
	Sequence	+edge_38_0_+SRR32410565.44114_656_5609 4953 * 0 0 0
Edge	75	51	54	0	0	0	107	-1
	Sequence	-edge_38_0_+SRR32410565.44114_656_5609 4953 * 0 0 0
Edge	76	27	20	0	0	0	147	-1
	Sequence	+edge_39_0_+SRR32410565.20265_1174_6125 4951 * 0 0 0
Edge	77	55	56	0	0	0	147	-1
	Sequence	-edge_39_0_+SRR32410565.20265_1174_6125 4951 * 0 0 0
Edge	78	57	17	0	0	0	135	-1
	Sequence	+edge_40_0_+SRR32410565.115285_2490_5625 3135 * 0 0 0
Edge	79	16	25	0	0	0	135	-1
	Sequence	-edge_40_0_+SRR32410565.115285_2490_5625 3135 * 0 0 0
Edge	80	15	14	0	0	0	123	-1
	Sequence	+edge_41_0_+SRR32410565.184144_1750_4897 3147 * 0 0 0
Edge	81	23	39	0	0	0	123	-1
	Sequence	-edge_41_0_+SRR32410565.184144_1750_4897 3147 * 0 0 0
Edge	82	13	12	0	0	0	149	-1
	Sequence	+edge_42_0_-SRR32410565.12321_525_5795 5270 * 0 0 0
Edge	83	11	10	0	0	0	149	-1
	Sequence	-edge_42_0_-SRR32410565.12321_525_5795 5270 * 0 0 0
Edge	84	9	8	0	0	0	138	-1
	Sequence	+edge_43_0_+SRR32410565.116919_2147_5283 3136 * 0 0 0
Edge	85	7	6	0	0	0	138	-1
	Sequence	-edge_43_0_+SRR32410565.116919_2147_5283 3136 * 0 0 0
Edge	86	5	4	0	0	0	153	-1
	Sequence	+edge_44_0_+SRR32410565.111392_1682_7029 5347 * 0 0 0
Edge	87	3	46	0	0	0	153	-1
	Sequence	-edge_44_0_+SRR32410565.111392_1682_7029 5347 * 0 0 0
Edge	88	2	1	0	0	0	107	-1
	Sequence	+edge_45_0_-SRR32410565.40118_647_3813 3166 * 0 0 0
Edge	89	0	48	0	0	0	107	-1
	Sequence	-edge_45_0_-SRR32410565.40118_647_3813 3166 * 0 0 0
